40
320.0 -10.0 0.0
60.0 60.0 0.0
0.0 2.0 0.0
2
0

80
320.0 -10.0 0.0
60.0 60.0 0.0
0.0 2.0 0.0
2
0

120
320.0 -10.0 0.0
60.0 60.0 0.0
0.0 2.0 0.0
2
0

160
320.0 -10.0 0.0
60.0 60.0 0.0
0.0 2.0 0.0
2
0

200
320.0 -10.0 0.0
60.0 60.0 0.0
0.0 2.0 0.0
2
0



400
960.0 -10.0 0.0
60.0 60.0 0.0
0.0 2.0 0.0
2
0

440
960.0 -10.0 0.0
60.0 60.0 0.0
0.0 2.0 0.0
2
0

480
960.0 -10.0 0.0
60.0 60.0 0.0
0.0 2.0 0.0
2
0

520
960.0 -10.0 0.0
60.0 60.0 0.0
0.0 2.0 0.0
2
0


560
960.0 -10.0 0.0
60.0 60.0 0.0
0.0 2.0 0.0
2
0



800
240.0 -10.0 0.0
60.0 60.0 0.0
0.0 2.0 0.0
2
2

800
440.0 -10.0 0.0
60.0 60.0 0.0
0.0 2.0 0.0
2
2

800
640.0 -10.0 0.0
60.0 60.0 0.0
0.0 2.0 0.0
2
2

800
840.0 -10.0 0.0
60.0 60.0 0.0
0.0 2.0 0.0
2
2

800
1040.0 -10.0 0.0
60.0 60.0 0.0
0.0 2.0 0.0
2
2



1300
1040.0 -10.0 0.0
60.0 60.0 0.0
0.0 3.0 0.0
4
1

1300
240.0 -10.0 0.0
60.0 60.0 0.0
0.0 3.0 0.0
4
1



1800
320.0 -10.0 0.0
60.0 60.0 0.0
0.3 2.0 0.0
2
0

1840
320.0 -10.0 0.0
60.0 60.0 0.0
-0.3 2.0 0.0
2
0

1880
320.0 -10.0 0.0
60.0 60.0 0.0
0.3 2.0 0.0
2
0

1920
320.0 -10.0 0.0
60.0 60.0 0.0
-0.3 2.0 0.0
2
0

1960
320.0 -10.0 0.0
60.0 60.0 0.0
0.3 2.0 0.0
2
0

2000
320.0 -10.0 0.0
60.0 60.0 0.0
-0.3 2.0 0.0
2
0



2200
960.0 -10.0 0.0
60.0 60.0 0.0
0.3 2.0 0.0
2
0

2240
960.0 -10.0 0.0
60.0 60.0 0.0
-0.3 2.0 0.0
2
0

2280
960.0 -10.0 0.0
60.0 60.0 0.0
0.3 2.0 0.0
2
0

2320
960.0 -10.0 0.0
60.0 60.0 0.0
-0.3 2.0 0.0
2
0

2360
960.0 -10.0 0.0
60.0 60.0 0.0
0.3 2.0 0.0
2
0

2400
960.0 -10.0 0.0
60.0 60.0 0.0
-0.3 2.0 0.0
2
0



2700
640.0 -10.0 0.0
60.0 60.0 0.0
0.0 2.0 0.0
2
0

2750
540.0 -10.0 0.0
60.0 60.0 0.0
0.0 2.0 0.0
2
0

2750
740.0 -10.0 0.0
60.0 60.0 0.0
0.0 2.0 0.0
2
0

2800
440.0 -10.0 0.0
60.0 60.0 0.0
0.0 2.0 0.0
2
0

2800
840.0 -10.0 0.0
60.0 60.0 0.0
0.0 2.0 0.0
2
0

2850
340.0 -10.0 0.0
60.0 60.0 0.0
0.0 2.0 0.0
2
0

2850
940.0 -10.0 0.0
60.0 60.0 0.0
0.0 2.0 0.0
2
0



3000
440.0 -10.0 0.0
60.0 60.0 0.0
0.0 2.0 0.0
4
1

3000
840.0 -10.0 0.0
60.0 60.0 0.0
0.0 2.0 0.0
4
1

3150
440.0 -10.0 0.0
60.0 60.0 0.0
0.0 2.0 0.0
4
1

3150
840.0 -10.0 0.0
60.0 60.0 0.0
0.0 2.0 0.0
4
1



3300
40.0 -10.0 0.0
60.0 60.0 0.0
0.0 2.0 0.0
4
1

3300
1240.0 -10.0 0.0
60.0 60.0 0.0
0.0 2.0 0.0
4
1

3300
640.0 -10.0 0.0
60.0 60.0 0.0
0.0 2.0 0.0
4
1
